0	50.18	72	39
1	47.54	55	37
2	45.94	52	37
3	45.23	51	37
4	44.36	49	37
5	43.54	48	37
6	43.11	47	37
7	42.74	47	35
8	42.17	46	35
9	41.83	45	35
10	41.53	44	35
11	40.94	43	35
12	40.51	43	35
13	40.3	42	35
14	40.09	42	35
15	39.78	42	34
16	39.43	41	34
17	39.3	41	34
18	39.12	41	34
19	38.96	41	34
20	38.78	40	34
21	38.52	40	33
22	38.29	40	33
23	38.21	40	33
24	37.96	40	33
25	37.84	40	33
26	37.59	39	33
27	37.52	39	33
28	37.45	39	33
29	37.3	39	33
30	37.24	39	33
31	37.08	39	33
32	37.04	39	33
33	36.95	39	33
34	36.82	38	33
35	36.76	38	33
36	36.7	38	33
37	36.66	38	33
38	36.56	38	33
39	36.45	38	33
40	36.36	38	33
41	36.19	38	33
42	36.1	38	33
43	35.93	38	33
44	35.87	37	33
45	35.8	37	33
46	35.76	37	33
47	35.65	37	31
48	35.55	37	31
49	35.49	37	31
50	35.4	37	31
51	35.3	37	31
52	35.19	37	31
53	35.08	36	31
54	35.02	36	31
55	34.87	36	31
56	34.83	36	31
57	34.76	36	31
58	34.68	36	31
59	34.63	36	31
60	34.53	36	31
61	34.52	36	31
62	34.43	36	31
63	34.38	36	31
64	34.27	36	31
65	34.22	35	31
66	34.18	35	31
67	34.08	35	31
68	34.05	35	31
69	34.01	35	31
70	33.98	35	31
71	33.88	35	31
72	33.8	35	31
73	33.78	35	31
74	33.64	35	31
75	33.55	35	31
76	33.36	35	31
77	33.35	35	31
78	33.25	35	31
79	33.18	34	31
80	33.14	34	31
81	33.11	34	31
82	33.03	34	31
83	32.97	34	31
84	32.9	34	31
85	32.83	34	31
86	32.78	34	31
87	32.74	34	31
88	32.69	34	31
89	32.65	34	31
90	32.57	34	31
91	32.57	34	31
92	32.52	34	31
93	32.44	34	31
94	32.4	33	31
95	32.36	33	31
96	32.34	33	31
97	32.25	33	30
98	32.2	33	30
99	32.2	33	30
100	32.16	33	30
101	32.12	33	30
102	32.12	33	30
103	32.06	33	30
104	31.98	33	30
105	31.94	33	30
106	31.91	33	30
107	31.87	33	30
108	31.84	33	30
109	31.8	33	30
110	31.76	33	30
111	31.72	33	30
112	31.62	33	30
113	31.53	33	30
114	31.44	33	30
115	31.33	33	30
116	31.27	33	30
117	31.22	33	30
118	31.17	32	30
119	31.17	32	30
120	31.13	32	30
121	31.06	32	30
122	31.04	32	30
123	31.02	32	30
124	30.97	32	30
125	30.94	32	30
126	30.93	31	30
127	30.93	31	30
128	30.93	31	30
129	30.91	31	30
130	30.89	31	30
131	30.86	31	30
132	30.85	31	30
133	30.84	31	30
134	30.84	31	30
135	30.83	31	30
136	30.82	31	30
137	30.81	31	30
138	30.78	31	30
139	30.77	31	30
140	30.73	31	30
141	30.71	31	30
142	30.71	31	30
143	30.7	31	30
144	30.67	31	30
145	30.65	31	30
146	30.65	31	30
147	30.65	31	30
148	30.65	31	30
149	30.63	31	30
150	30.62	31	30
151	30.62	31	30
152	30.6	31	30
153	30.59	31	30
154	30.58	31	30
155	30.57	31	30
156	30.56	31	30
157	30.52	31	30
158	30.48	31	30
159	30.46	31	30
160	30.43	31	30
161	30.42	31	30
162	30.4	31	30
163	30.38	31	30
164	30.36	31	30
165	30.36	31	30
166	30.33	31	30
167	30.31	31	30
168	30.3	31	30
169	30.29	31	30
170	30.28	31	30
171	30.26	31	30
172	30.25	31	30
173	30.23	31	30
174	30.21	31	30
175	30.21	31	30
176	30.19	31	30
177	30.18	31	30
178	30.17	31	30
179	30.14	31	30
180	30.13	31	30
181	30.1	31	30
182	30.09	31	30
183	30.07	31	30
184	30.05	31	30
185	30.03	31	30
186	30	30	30
187	30	30	30
188	30	30	30
189	30	30	30
190	30	30	30
191	30	30	30
192	30	30	30
193	30	30	30
194	30	30	30
195	30	30	30
196	30	30	30
197	30	30	30
198	30	30	30
199	30	30	30
200	30	30	30
201	30	30	30
202	30	30	30
203	30	30	30
204	30	30	30
205	30	30	30
206	30	30	30
207	30	30	30
208	30	30	30
209	30	30	30
210	30	30	30
211	30	30	30
212	30	30	30
213	30	30	30
214	30	30	30
215	30	30	30
216	30	30	30
217	30	30	30
218	30	30	30
219	30	30	30
220	30	30	30
221	30	30	30
222	30	30	30
223	30	30	30
224	30	30	30
225	30	30	30
226	30	30	30
227	30	30	30
228	30	30	30
229	30	30	30
230	30	30	30
231	30	30	30
232	30	30	30
233	30	30	30
234	30	30	30
235	30	30	30
236	30	30	30
237	30	30	30
238	30	30	30
239	30	30	30
240	30	30	30
241	30	30	30
242	30	30	30
243	30	30	30
244	30	30	30
245	30	30	30
246	30	30	30
247	30	30	30
248	30	30	30
249	30	30	30
250	30	30	30
251	30	30	30
252	30	30	30
253	30	30	30
254	30	30	30
255	30	30	30
256	30	30	30
257	30	30	30
258	30	30	30
259	30	30	30
260	30	30	30
261	30	30	30
262	30	30	30
263	30	30	30
264	30	30	30
265	30	30	30
266	30	30	30
267	30	30	30
268	30	30	30
269	30	30	30
270	30	30	30
271	30	30	30
272	30	30	30
273	30	30	30
274	30	30	30
275	30	30	30
276	30	30	30
277	30	30	30
278	30	30	30
279	30	30	30
280	30	30	30
281	30	30	30
282	30	30	30
283	30	30	30
284	30	30	30
285	30	30	30
286	30	30	30
287	30	30	30
288	30	30	30
289	30	30	30
290	30	30	30
291	30	30	30
292	30	30	30
293	30	30	30
294	30	30	30
295	30	30	30
296	30	30	30
297	30	30	30
298	30	30	30
299	30	30	30
300	30	30	30
301	30	30	30
302	30	30	30
303	30	30	30
304	30	30	30
305	30	30	30
306	30	30	30
307	30	30	30
308	30	30	30
309	30	30	30
310	30	30	30
311	30	30	30
312	30	30	30
313	30	30	30
314	30	30	30
315	30	30	30
316	30	30	30
317	30	30	30
318	30	30	30
319	30	30	30
320	30	30	30
321	30	30	30
322	30	30	30
323	30	30	30
324	30	30	30
325	30	30	30
326	30	30	30
327	30	30	30
328	30	30	30
329	30	30	30
330	30	30	30
331	30	30	30
332	30	30	30
333	30	30	30
334	30	30	30
335	30	30	30
336	30	30	30
337	30	30	30
338	30	30	30
339	30	30	30
340	30	30	30
341	30	30	30
342	30	30	30
343	30	30	30
344	30	30	30
345	30	30	30
346	30	30	30
347	30	30	30
348	30	30	30
349	30	30	30
350	30	30	30
351	30	30	30
352	30	30	30
353	30	30	30
354	30	30	30
355	30	30	30
356	30	30	30
357	30	30	30
358	30	30	30
359	30	30	30
360	30	30	30
361	30	30	30
362	30	30	30
363	30	30	30
364	30	30	30
365	30	30	30
366	30	30	30
367	30	30	30
368	30	30	30
369	30	30	30
370	30	30	30
371	30	30	30
372	30	30	30
373	30	30	30
374	30	30	30
375	30	30	30
376	30	30	30
377	30	30	30
378	30	30	30
379	30	30	30
380	30	30	30
381	30	30	30
382	30	30	30
383	30	30	30
384	30	30	30
385	30	30	30
386	30	30	30
387	30	30	30
388	30	30	30
389	30	30	30
390	30	30	30
391	30	30	30
392	30	30	30
393	30	30	30
394	30	30	30
395	30	30	30
396	30	30	30
397	30	30	30
398	30	30	30
399	30	30	30
400	30	30	30
401	30	30	30
402	30	30	30
403	30	30	30
404	30	30	30
405	30	30	30
406	30	30	30
407	30	30	30
408	30	30	30
409	30	30	30
410	30	30	30
411	30	30	30
412	30	30	30
413	30	30	30
414	30	30	30
415	30	30	30
416	30	30	30
417	30	30	30
418	30	30	30
419	30	30	30
420	30	30	30
421	30	30	30
422	30	30	30
423	30	30	30
424	30	30	30
425	30	30	30
426	30	30	30
427	30	30	30
428	30	30	30
429	30	30	30
430	30	30	30
431	30	30	30
432	30	30	30
433	30	30	30
434	30	30	30
435	30	30	30
436	30	30	30
437	30	30	30
438	30	30	30
439	30	30	30
440	30	30	30
441	30	30	30
442	30	30	30
443	30	30	30
444	30	30	30
445	30	30	30
446	30	30	30
447	30	30	30
448	30	30	30
449	30	30	30
450	30	30	30
451	30	30	30
452	30	30	30
453	30	30	30
454	30	30	30
455	30	30	30
456	30	30	30
457	30	30	30
458	30	30	30
459	30	30	30
460	30	30	30
461	30	30	30
462	30	30	30
463	30	30	30
464	30	30	30
465	30	30	30
466	30	30	30
467	30	30	30
468	30	30	30
469	30	30	30
470	30	30	30
471	30	30	30
472	30	30	30
473	30	30	30
474	30	30	30
475	30	30	30
476	30	30	30
477	30	30	30
478	30	30	30
479	30	30	30
480	30	30	30
481	30	30	30
482	30	30	30
483	30	30	30
484	30	30	30
485	30	30	30
486	30	30	30
487	30	30	30
488	30	30	30
489	30	30	30
490	30	30	30
491	30	30	30
492	30	30	30
493	30	30	30
494	30	30	30
495	30	30	30
496	30	30	30
497	30	30	30
498	30	30	30
499	30	30	30
500	30	30	30
501	30	30	30
502	30	30	30
503	30	30	30
504	30	30	30
505	30	30	30
506	30	30	30
507	30	30	30
508	30	30	30
509	30	30	30
510	30	30	30
511	30	30	30
512	30	30	30
513	30	30	30
514	30	30	30
515	30	30	30
516	30	30	30
517	30	30	30
518	30	30	30
519	30	30	30
520	30	30	30
521	30	30	30
522	30	30	30
523	30	30	30
524	30	30	30
525	30	30	30
526	30	30	30
527	30	30	30
528	30	30	30
529	30	30	30
530	30	30	30
531	30	30	30
532	30	30	30
533	30	30	30
534	30	30	30
535	30	30	30
536	30	30	30
537	30	30	30
538	30	30	30
539	30	30	30
540	30	30	30
541	30	30	30
542	30	30	30
543	30	30	30
544	30	30	30
545	30	30	30
546	30	30	30
547	30	30	30
548	30	30	30
549	30	30	30
550	30	30	30
551	30	30	30
552	30	30	30
553	30	30	30
554	30	30	30
555	30	30	30
556	30	30	30
557	30	30	30
558	30	30	30
559	30	30	30
560	30	30	30
561	30	30	30
562	30	30	30
563	30	30	30
564	30	30	30
565	30	30	30
566	30	30	30
567	30	30	30
568	30	30	30
569	30	30	30
570	30	30	30
571	30	30	30
572	30	30	30
573	30	30	30
574	30	30	30
575	30	30	30
576	30	30	30
577	30	30	30
578	30	30	30
579	30	30	30
580	30	30	30
581	30	30	30
582	30	30	30
583	30	30	30
584	30	30	30
585	30	30	30
586	30	30	30
587	30	30	30
588	30	30	30
589	30	30	30
590	30	30	30
591	30	30	30
592	30	30	30
593	30	30	30
594	30	30	30
595	30	30	30
596	30	30	30
597	30	30	30
598	30	30	30
599	30	30	30
600	30	30	30
601	30	30	30
602	30	30	30
603	30	30	30
604	30	30	30
605	30	30	30
606	30	30	30
607	30	30	30
608	30	30	30
609	30	30	30
610	30	30	30
611	30	30	30
612	30	30	30
613	30	30	30
614	30	30	30
615	30	30	30
616	30	30	30
617	30	30	30
618	30	30	30
619	30	30	30
620	30	30	30
621	30	30	30
622	30	30	30
623	30	30	30
624	30	30	30
625	30	30	30
626	30	30	30
627	30	30	30
628	30	30	30
629	30	30	30
630	30	30	30
631	30	30	30
632	30	30	30
633	30	30	30
634	30	30	30
635	30	30	30
636	30	30	30
637	30	30	30
638	30	30	30
639	30	30	30
640	30	30	30
641	30	30	30
642	30	30	30
643	30	30	30
644	30	30	30
645	30	30	30
646	30	30	30
647	30	30	30
648	30	30	30
649	30	30	30
650	30	30	30
651	30	30	30
652	30	30	30
653	30	30	30
654	30	30	30
655	30	30	30
656	30	30	30
657	30	30	30
658	30	30	30
659	30	30	30
660	30	30	30
661	30	30	30
662	30	30	30
663	30	30	30
664	30	30	30
665	30	30	30
666	30	30	30
667	30	30	30
668	30	30	30
669	30	30	30
670	30	30	30
671	30	30	30
672	30	30	30
673	30	30	30
674	30	30	30
675	30	30	30
676	30	30	30
677	30	30	30
678	30	30	30
679	30	30	30
680	30	30	30
681	30	30	30
682	30	30	30
683	30	30	30
684	30	30	30
685	30	30	30
686	30	30	30
687	30	30	30
688	30	30	30
689	30	30	30
690	30	30	30
691	30	30	30
692	30	30	30
693	30	30	30
694	30	30	30
695	30	30	30
696	30	30	30
697	30	30	30
698	30	30	30
699	30	30	30
700	30	30	30
701	30	30	30
702	30	30	30
703	30	30	30
704	30	30	30
705	30	30	30
706	30	30	30
707	30	30	30
708	30	30	30
709	30	30	30
710	30	30	30
711	30	30	30
712	30	30	30
713	30	30	30
714	30	30	30
715	30	30	30
716	30	30	30
717	30	30	30
718	30	30	30
719	30	30	30
720	30	30	30
721	30	30	30
722	30	30	30
723	30	30	30
724	30	30	30
725	30	30	30
726	30	30	30
727	30	30	30
728	30	30	30
729	30	30	30
730	30	30	30
731	30	30	30
732	30	30	30
733	30	30	30
734	30	30	30
735	30	30	30
736	30	30	30
737	30	30	30
738	30	30	30
739	30	30	30
740	30	30	30
741	30	30	30
742	30	30	30
743	30	30	30
744	30	30	30
745	30	30	30
746	30	30	30
747	30	30	30
748	30	30	30
749	30	30	30
750	30	30	30
751	30	30	30
752	30	30	30
753	30	30	30
754	30	30	30
755	30	30	30
756	30	30	30
757	30	30	30
758	30	30	30
759	30	30	30
760	30	30	30
761	30	30	30
762	30	30	30
763	30	30	30
764	30	30	30
765	30	30	30
766	30	30	30
767	30	30	30
768	30	30	30
769	30	30	30
770	30	30	30
771	30	30	30
772	30	30	30
773	30	30	30
774	30	30	30
775	30	30	30
776	30	30	30
777	30	30	30
778	30	30	30
779	30	30	30
780	30	30	30
781	30	30	30
782	30	30	30
783	30	30	30
784	30	30	30
785	30	30	30
786	30	30	30
787	30	30	30
788	30	30	30
789	30	30	30
790	30	30	30
791	30	30	30
792	30	30	30
793	30	30	30
794	30	30	30
795	30	30	30
796	30	30	30
797	30	30	30
798	30	30	30
799	30	30	30
800	30	30	30
801	30	30	30
802	30	30	30
803	30	30	30
804	30	30	30
805	30	30	30
806	30	30	30
807	30	30	30
808	30	30	30
809	30	30	30
810	30	30	30
811	30	30	30
812	30	30	30
813	30	30	30
814	30	30	30
815	30	30	30
816	30	30	30
817	30	30	30
818	30	30	30
819	30	30	30
820	30	30	30
821	30	30	30
822	30	30	30
823	30	30	30
824	30	30	30
825	30	30	30
826	30	30	30
827	30	30	30
828	30	30	30
829	30	30	30
830	30	30	30
831	30	30	30
832	30	30	30
833	30	30	30
834	30	30	30
835	30	30	30
836	30	30	30
837	30	30	30
838	30	30	30
839	30	30	30
840	30	30	30
841	30	30	30
842	30	30	30
843	30	30	30
844	30	30	30
845	30	30	30
846	30	30	30
847	30	30	30
848	30	30	30
849	30	30	30
850	30	30	30
851	30	30	30
852	30	30	30
853	30	30	30
854	30	30	30
855	30	30	30
856	30	30	30
857	30	30	30
858	30	30	30
859	30	30	30
860	30	30	30
861	30	30	30
862	30	30	30
863	30	30	30
864	30	30	30
865	30	30	30
866	30	30	30
867	30	30	30
868	30	30	30
869	30	30	30
870	30	30	30
871	30	30	30
872	30	30	30
873	30	30	30
874	30	30	30
875	30	30	30
876	30	30	30
877	30	30	30
878	30	30	30
879	30	30	30
880	30	30	30
881	30	30	30
882	30	30	30
883	30	30	30
884	30	30	30
885	30	30	30
886	30	30	30
887	30	30	30
888	30	30	30
889	30	30	30
890	30	30	30
891	30	30	30
892	30	30	30
893	30	30	30
894	30	30	30
895	30	30	30
896	30	30	30
897	30	30	30
898	30	30	30
899	30	30	30
900	30	30	30
901	30	30	30
902	30	30	30
903	30	30	30
904	30	30	30
905	30	30	30
906	30	30	30
907	30	30	30
908	30	30	30
909	30	30	30
910	30	30	30
911	30	30	30
912	30	30	30
913	30	30	30
914	30	30	30
915	30	30	30
916	30	30	30
917	30	30	30
918	30	30	30
919	30	30	30
920	30	30	30
921	30	30	30
922	30	30	30
923	30	30	30
924	30	30	30
925	30	30	30
926	30	30	30
927	30	30	30
928	30	30	30
929	30	30	30
930	30	30	30
931	30	30	30
932	30	30	30
933	30	30	30
934	30	30	30
935	30	30	30
936	30	30	30
937	30	30	30
938	30	30	30
939	30	30	30
940	30	30	30
941	30	30	30
942	30	30	30
943	30	30	30
944	30	30	30
945	30	30	30
946	30	30	30
947	30	30	30
948	30	30	30
949	30	30	30
950	30	30	30
951	30	30	30
952	30	30	30
953	30	30	30
954	30	30	30
955	30	30	30
956	30	30	30
957	30	30	30
958	30	30	30
959	30	30	30
960	30	30	30
961	30	30	30
962	30	30	30
963	30	30	30
964	30	30	30
965	30	30	30
966	30	30	30
967	30	30	30
968	30	30	30
969	30	30	30
970	30	30	30
971	30	30	30
972	30	30	30
973	30	30	30
974	30	30	30
975	30	30	30
976	30	30	30
977	30	30	30
978	30	30	30
979	30	30	30
980	30	30	30
981	30	30	30
982	30	30	30
983	30	30	30
984	30	30	30
985	30	30	30
986	30	30	30
987	30	30	30
988	30	30	30
989	30	30	30
990	30	30	30
991	30	30	30
992	30	30	30
993	30	30	30
994	30	30	30
995	30	30	30
996	30	30	30
997	30	30	30
998	30	30	30
999	30	30	30
1000	30	30	30
